#dmu_now   nflow  sflow  wflow
-10   8.14700522389212e-009  -8.14714424489556e-009  0
-9.9   7.78416085715037e-009  -7.78430493843927e-009  0
-9.8   7.43588319740305e-009  -7.43596214747228e-009  0
-9.7   7.10172223977202e-009  -7.10159777681754e-009  0
-9.6   6.781218790958e-009  -6.78126319654112e-009  0
-9.5   6.47393458163221e-009  -6.47378923422434e-009  0
-9.4   6.17942185551785e-009  -6.17936530591928e-009  0
-9.3   5.89724557119172e-009  -5.89717721159169e-009  0
-9.2   5.62697685584157e-009  -5.62697809477973e-009  0
-9.1   5.36819210750274e-009  -5.36809144913132e-009  0
-9   5.12046948245828e-009  -5.12042370274317e-009  0
-8.9   4.88340909912205e-009  -4.88343276567785e-009  0
-8.8   4.65660421597508e-009  -4.65646078163016e-009  0
-8.7   4.4396743814908e-009  -4.43959067278946e-009  0
-8.6   4.23223250163901e-009  -4.23209856174761e-009  0
-8.5   4.03390994160591e-009  -4.03379107347503e-009  0
-8.4   3.84434542959472e-009  -3.84422994739291e-009  0
-8.3   3.66319056433786e-009  -3.66325151228178e-009  0
-8.2   3.49010317418778e-009  -3.49000871916307e-009  0
-8.1   3.32475867538779e-009  -3.32468807093363e-009  0
-8   3.16682550328827e-009  -3.16682958720859e-009  0
-7.9   3.01601161837512e-009  -3.01606473894275e-009  0
-7.8   2.87201570304559e-009  -2.87200849728415e-009  0
-7.7   2.73452859798803e-009  -2.7346379003747e-009  0
-7.6   2.60329434120084e-009  -2.60335988035384e-009  0
-7.5   2.47803726328106e-009  -2.47789108378657e-009  0
-7.4   2.35848855286237e-009  -2.35860761989069e-009  0
-7.3   2.24441528606665e-009  -2.24432596238382e-009  0
-7.2   2.13556257156538e-009  -2.13544087276736e-009  0
-7.1   2.03169914948417e-009  -2.03181569018155e-009  0
-7   1.93261662607767e-009  -1.93247387075102e-009  0
-6.9   1.83808864093163e-009  -1.83819437819352e-009  0
-6.8   1.74790883789733e-009  -1.74806545247345e-009  0
-6.7   1.66188096759982e-009  -1.66192338966117e-009  0
-6.6   1.57980223135891e-009  -1.57991885021505e-009  0
-6.5   1.50152205548272e-009  -1.50167073530467e-009  0
-6.4   1.42685753180629e-009  -1.4267615222788e-009  0
-6.3   1.35566206633096e-009  -1.35560889261244e-009  0
-6.2   1.2876654121344e-009  -1.28776864903697e-009  0
-6.1   1.22283335039007e-009  -1.22282972727604e-009  0
-6   1.16100351763378e-009  -1.16112422511943e-009  0
-5.9   1.10199283040098e-009  -1.10202784263338e-009  0
-5.8   1.04564850927077e-009  -1.04545711592356e-009  0
-5.7   9.91916178369389e-010  -9.91716864143743e-010  0
-5.6   9.40586720489443e-010  -9.40684007538011e-010  0
-5.5   8.91608723618566e-010  -8.91706574689883e-010  0
-5.4   8.44829760724836e-010  -8.44943993444429e-010  0
-5.3   8.00166601344768e-010  -8.000900405703e-010  0
-5.2   7.57499689360936e-010  -7.57501744835407e-010  0
-5.1   7.16722615122728e-010  -7.16737752042535e-010  0
-5   6.77745383971102e-010  -6.77528327183903e-010  0
-4.9   6.40485035404651e-010  -6.40574003726576e-010  0
-4.8   6.04823685829042e-010  -6.04911940333381e-010  0
-4.7   5.70735789050714e-010  -5.70826958782947e-010  0
-4.6   5.3807307374351e-010  -5.38011181092006e-010  0
-4.5   5.06785064990436e-010  -5.06940935970573e-010  0
-4.4   4.76837691612013e-010  -4.76788858912912e-010  0
-4.3   4.48092752845313e-010  -4.48008259243441e-010  0
-4.2   4.20491691309362e-010  -4.20463475949757e-010  0
-4.1   3.9400902555901e-010  -3.94018548016906e-010  0
-4   3.68605637504119e-010  -3.68559827873072e-010  0
-3.9   3.44107031224213e-010  -3.44053727248354e-010  0
-3.8   3.20567579934962e-010  -3.20601970302395e-010  0
-3.7   2.97865631762389e-010  -2.97799613648668e-010  0
-3.6   2.75986004008316e-010  -2.75773673837069e-010  0
-3.5   2.54895898299181e-010  -2.54740179815309e-010  0
-3.4   2.34468645386594e-010  -2.34387037997397e-010  0
-3.3   2.14736151880632e-010  -2.14904865183462e-010  0
-3.2   1.9564976884345e-010  -1.95727376808403e-010  0
-3.1   1.7707464994984e-010  -1.77005720277783e-010  0
-3   1.59075361221014e-010  -1.59200248631943e-010  0
-2.9   1.41513273850764e-010  -1.41539985981315e-010  0
-2.8   1.24467655669075e-010  -1.24231904785903e-010  0
-2.7   1.07785441182594e-010  -1.07952026282851e-010  0
-2.6   9.14780229704855e-011  -9.12914761105169e-011  0
-2.5   7.56339326368752e-011  -7.57271139538264e-011  0
-2.4   5.99750902053863e-011  -6.02007463434403e-011  0
-2.3   4.46263917452121e-011  -4.4398774939761e-011  0
-2.2   2.95237130577967e-011  -2.93152697390558e-011  0
-2.1   1.46467293876711e-011  -1.45283149363513e-011  0
-2   -2.81357676245534e-014  3.27748894884473e-013  0
-1.9   -1.451382658369e-011  1.44260604972366e-011  0
-1.8   -2.89157090719952e-011  2.85819487838606e-011  0
-1.7   -4.32348851078435e-011  4.28907989311576e-011  0
-1.6   -5.74099625783922e-011  5.74167265178526e-011  0
-1.5   -7.14569472481822e-011  7.13418211581229e-011  0
-1.4   -8.54431497645664e-011  8.52000942145231e-011  0
-1.3   -9.96172230451572e-011  9.92668651678087e-011  0
-1.2   -1.13540157968252e-010  1.13365975983016e-010  0
-1.1   -1.27558192910084e-010  1.27601128748023e-010  0
-1   -1.41508542655698e-010  1.41769909678245e-010  0
-0.9   -1.55770956379055e-010  1.55495576902745e-010  0
-0.799999999999999   -1.69829480121723e-010  1.69944864858586e-010  0
-0.699999999999999   -1.84288921454304e-010  1.83988643000875e-010  0
-0.6   -1.98354697000304e-010  1.98598210920321e-010  0
-0.5   -2.130359968866e-010  2.12836966392586e-010  0
-0.399999999999999   -2.27372120015032e-010  2.27565137967642e-010  0
-0.299999999999999   -2.42104341074191e-010  2.42030363088944e-010  0
-0.199999999999999   -2.56901144455605e-010  2.56523185958213e-010  0
-0.0999999999999996   -2.71630562509523e-010  2.71739178075016e-010  0
0   -2.86593865072407e-010  2.86474109374485e-010  0
