#dmu_now   nflow  sflow  wflow
-10   1.86427759141082e-006  1.35802100595554e-006  5.06259308379752e-007
-9.9   1.85397784427637e-006  1.35074226924743e-006  5.03243770832568e-007
-9.8   1.8433550547164e-006  1.34320032154223e-006  5.00137040927399e-007
-9.7   1.83239239857255e-006  1.33541107249115e-006  4.96964110006903e-007
-9.6   1.82107299768864e-006  1.32734886874361e-006  4.93718996866387e-007
-9.5   1.80938010975453e-006  1.31900373630286e-006  4.90372492609467e-007
-9.4   1.79729700535576e-006  1.31036007730984e-006  4.86941863418578e-007
-9.3   1.78480707414497e-006  1.30140859481492e-006  4.83395698553918e-007
-9.2   1.77189386329144e-006  1.29214326192547e-006  4.79757921393652e-007
-9.1   1.7585411213309e-006  1.2825466706829e-006  4.75986080345958e-007
-9   1.74473286887764e-006  1.27261301967823e-006  4.72136219827938e-007
-8.9   1.73045338203174e-006  1.26231530226389e-006  4.68130526096963e-007
-8.8   1.71568737586758e-006  1.25165839233325e-006  4.64014023430935e-007
-8.7   1.70041995578213e-006  1.24063329514872e-006  4.59784190941073e-007
-8.6   1.68463679871502e-006  1.22922599822558e-006  4.55425264285646e-007
-8.5   1.66832407846592e-006  1.21741954392171e-006  4.50898291992007e-007
-8.4   1.65146875676659e-006  1.20521854237616e-006  4.46253985232516e-007
-8.3   1.63405852569021e-006  1.192596100488e-006  4.41452384403775e-007
-8.2   1.6160819192578e-006  1.17955782834301e-006  4.36516661636935e-007
-8.1   1.59752844754197e-006  1.16608773914213e-006  4.31421368953084e-007
-8   1.5783887006074e-006  1.15219201566033e-006  4.26196469608001e-007
-7.9   1.55865461711446e-006  1.1378552714476e-006  4.20797854376106e-007
-7.8   1.53831896767669e-006  1.12307754156014e-006  4.15243500231596e-007
-7.7   1.51737623351775e-006  1.10784619238013e-006  4.09537080001836e-007
-7.6   1.49582253235266e-006  1.09216404431237e-006  4.03642557385268e-007
-7.5   1.47365550273286e-006  1.07603115810272e-006  3.97628011323195e-007
-7.4   1.45087412413458e-006  1.0594469626621e-006  3.9142667555971e-007
-7.3   1.42747992632816e-006  1.0424170078162e-006  3.850593219549e-007
-7.2   1.40347591748537e-006  1.02492954193262e-006  3.78554608800943e-007
-7.1   1.37886709849252e-006  1.00699877812624e-006  3.71858387831442e-007
-7   1.35366102666794e-006  9.88622146508064e-007  3.65042789196074e-007
-6.9   1.32786716215692e-006  9.69825639177611e-007  3.5805287406888e-007
-6.8   1.30149749537657e-006  9.50601833876312e-007  3.5089917408857e-007
-6.7   1.27456598633838e-006  9.3095469012446e-007  3.43616741084376e-007
-6.6   1.24708971764283e-006  9.10920830779037e-007  3.36169992751217e-007
-6.5   1.21908766662923e-006  8.90487348540066e-007  3.28595485022717e-007
-6.4   1.19058157682351e-006  8.69693757649221e-007  3.20892334695586e-007
-6.3   1.16159561111609e-006  8.48541952831748e-007  3.13062072729151e-007
-6.2   1.13215639994014e-006  8.27061252909619e-007  3.05117506334896e-007
-6.1   1.1022930883882e-006  8.05255254844806e-007  2.97029587732512e-007
-6   1.07203718355081e-006  7.83167376634339e-007  2.88854677281947e-007
-5.9   1.04142265303822e-006  7.60826188683186e-007  2.80606160750995e-007
-5.8   1.01048538213104e-006  7.38230784696032e-007  2.72234571518687e-007
-5.7   9.79263605490148e-007  7.15441284207932e-007  2.63833331619118e-007
-5.6   9.47797224999606e-007  6.92463754739179e-007  2.55320132697373e-007
-5.5   9.16128345360286e-007  6.69331861937976e-007  2.46786535157285e-007
-5.4   8.84300494476889e-007  6.46091192867612e-007  2.38215815467262e-007
-5.3   8.52358158793908e-007  6.22764841579255e-007  2.29582550555951e-007
-5.2   8.20347603935293e-007  5.9938821519482e-007  2.20973175070276e-007
-5.1   7.88315485453678e-007  5.75986564493744e-007  2.12335937443573e-007
-5   7.56309524074722e-007  5.52609785488687e-007  2.03703263042699e-007
-4.9   7.24377580703848e-007  5.2927929203289e-007  1.95087733568129e-007
-4.8   6.92567451406564e-007  5.06044627493271e-007  1.86524103258373e-007
-4.7   6.60926981023064e-007  4.82928242226171e-007  1.78000699013925e-007
-4.6   6.29503571045278e-007  4.59979596925e-007  1.69520224114201e-007
-4.5   5.98343728242112e-007  4.37213621926878e-007  1.61130753844274e-007
-4.4   5.67492730917183e-007  4.14673672415078e-007  1.5281724872201e-007
-4.3   5.3699478990207e-007  3.92384130996325e-007  1.44612208774242e-007
-4.2   5.06892751617455e-007  3.7039767618279e-007  1.36510419872269e-007
-4.1   4.77226974741394e-007  3.48720855485747e-007  1.28511019510881e-007
-4   4.48036457377247e-007  3.27393186210799e-007  1.20655078298385e-007
-3.9   4.19357321364826e-007  3.06434517872138e-007  1.12912710391901e-007
-3.8   3.91223736294379e-007  2.85876814396127e-007  1.05331349915461e-007
-3.7   3.63667103543904e-007  2.6574642291241e-007  9.79162187057737e-008
-3.6   3.36715979523593e-007  2.46051111002628e-007  9.0666835362948e-008
-3.5   3.10395990347365e-007  2.26816470462714e-007  8.35692548257295e-008
-3.4   2.8473011803231e-007  2.08063091758198e-007  7.66668851891383e-008
-3.3   2.59738294703367e-007  1.89806011880805e-007  6.99420548859477e-008
-3.2   2.35437295258987e-007  1.72050180173617e-007  6.3395716358695e-008
-3.1   2.11841261348993e-007  1.54808070905947e-007  5.7039658411036e-008
-3   1.88960892333599e-007  1.38086321459872e-007  5.08910082037209e-008
-2.9   1.66804235942823e-007  1.2188363841746e-007  4.49108994229946e-008
-2.8   1.45376624239926e-007  1.0623357861552e-007  3.91414699359331e-008
-2.7   1.24680847163213e-007  9.11098777389792e-008  3.35683272928033e-008
-2.6   1.04716698034373e-007  7.65160726085251e-008  2.81939194598775e-008
-2.5   8.54816085450228e-008  6.24641899032996e-008  2.30207239544764e-008
-2.4   6.69706496335858e-008  4.89363240303776e-008  1.80358439329107e-008
-2.3   4.91765643372571e-008  3.59269007955688e-008  1.32372934943823e-008
-2.2   3.2091207051637e-008  2.34499875627363e-008  8.64136896177467e-009
-2.1   1.57031974299032e-008  1.14743481807645e-008  4.23057247064151e-009
-2   1.89880190684631e-013  3.6071921552028e-012  1.52313676201156e-012
-1.9   -1.50317555719893e-008  -1.09813638408861e-008  -4.04409779924228e-009
-1.8   -2.94080431484056e-008  -2.14850433999612e-008  -7.91990799652816e-009
-1.7   -4.31444145651193e-008  -3.15283018522881e-008  -1.1619506296991e-008
-1.6   -5.62584787899671e-008  -4.11099402908306e-008  -1.51519811608253e-008
-1.5   -6.87678769250409e-008  -5.0246131621487e-008  -1.8519213898059e-008
-1.4   -8.06920643939189e-008  -5.89600094486235e-008  -2.17335890987458e-008
-1.3   -9.20496163110614e-008  -6.72561111537716e-008  -2.47940544979899e-008
-1.2   -1.02859659225518e-007  -7.51557694239684e-008  -2.77037327694611e-008
-1.1   -1.13142956023357e-007  -8.26689502211048e-008  -3.04775242226335e-008
-1   -1.22918050058003e-007  -8.98051805956942e-008  -3.31079203878634e-008
-0.9   -1.32205494408308e-007  -9.65891471023264e-008  -3.56104646413705e-008
-0.799999999999999   -1.41025380807793e-007  -1.03033129835541e-007  -3.7991996074912e-008
-0.699999999999999   -1.49396272242937e-007  -1.09146820839044e-007  -4.024687238079e-008
-0.6   -1.57337903219769e-007  -1.14952502531675e-007  -4.23934768543026e-008
-0.5   -1.6486866887104e-007  -1.20449064009579e-007  -4.44196685863603e-008
-0.399999999999999   -1.72007331521247e-007  -1.25655781735761e-007  -4.63435077115508e-008
-0.299999999999999   -1.78772475893875e-007  -1.30602424664534e-007  -4.81712255912941e-008
-0.199999999999999   -1.8518114786594e-007  -1.35282393910697e-007  -4.98997491366627e-008
-0.0999999999999996   -1.91250743978148e-007  -1.39715254139998e-007  -5.15418122476168e-008
0   -1.96996471434888e-007  -1.43899430150011e-007  -5.30891187577129e-008
