#dmu_now   nflow  sflow  wflow
-10   0.000159526449972383  2.6769890544205e-005  6.94040440142451e-006
-9.9   0.000159328833128498  2.67471086534039e-005  6.92669279515516e-006
-9.8   0.000159121322065779  2.67229979682018e-005  6.91221788783267e-006
-9.7   0.000158903431790744  2.66974630201022e-005  6.89692322296278e-006
-9.6   0.000158674664885048  2.66704220013623e-005  6.8807755700219e-006
-9.5   0.000158434481193596  2.66417740648807e-005  6.86372002072281e-006
-9.4   0.000158182339217527  2.66114108318473e-005  6.84569852420701e-006
-9.3   0.000157917655222648  2.65792271265856e-005  6.82665322001539e-006
-9.2   0.000157639826152407  2.65451013040341e-005  6.80652019162935e-006
-9.1   0.000157348222910896  2.65089081085757e-005  6.78524117283095e-006
-9   0.000157042188226778  2.64705099700609e-005  6.76273944135349e-006
-8.9   0.000156721030993834  2.64297602971232e-005  6.73894580987565e-006
-8.8   0.0001563840347155  2.6386510354679e-005  6.71377955521855e-006
-8.7   0.000156030449456999  2.63405762292901e-005  6.68714962619758e-006
-8.6   0.000155659495016515  2.62917904385681e-005  6.65897734216715e-006
-8.5   0.000155270358459281  2.62399584974788e-005  6.62915571837914e-006
-8.4   0.000154862190878123  2.61848713125069e-005  6.59759242823581e-006
-8.3   0.000154434105503732  2.61263127879555e-005  6.56417033806925e-006
-8.2   0.000153985182389266  2.60640404240687e-005  6.52878006816543e-006
-8.1   0.000153514461235432  2.59978041267558e-005  6.49130154744048e-006
-8   0.000153020954729372  2.59273351156262e-005  6.45159517368335e-006
-7.9   0.000152503613998694  2.58523342569513e-005  6.40952531549472e-006
-7.8   0.000151961372108339  2.57724905921734e-005  6.36494306232968e-006
-7.7   0.00015139310917095  2.56874834802327e-005  6.31769056387585e-006
-7.6   0.000150797662316992  2.55969396377743e-005  6.26760427907661e-006
-7.5   0.000150173830515387  2.55004807714897e-005  6.2144987457163e-006
-7.4   0.000149520362573608  2.53976978258227e-005  6.158192654589e-006
-7.3   0.000148835973838293  2.52881669639693e-005  6.09847684568027e-006
-7.2   0.000148119323971589  2.51714073075018e-005  6.03514447181551e-006
-7.1   0.000147369032001516  2.5046924817442e-005  5.96796707502919e-006
-7   0.000146583664507805  2.49141827467558e-005  5.89670525159689e-006
-6.9   0.00014576175578338  2.47726254015297e-005  5.82110316820661e-006
-6.8   0.000144901779541567  2.46216402132349e-005  5.74089428131173e-006
-6.7   0.000144002169359625  2.44605828220415e-005  5.65579492323014e-006
-6.6   0.000143061315589473  2.42887786563737e-005  5.56550164661659e-006
-6.5   0.00014207756093828  2.41054916584237e-005  5.4697058881357e-006
-6.4   0.000141049201631029  2.39099543399059e-005  5.36806264695892e-006
-6.3   0.000139974487826583  2.37013478279847e-005  5.26023473160261e-006
-6.2   0.000138851640795873  2.34788082276538e-005  5.14584341785354e-006
-6.1   0.000137678824454826  2.32414143640109e-005  5.02450664383061e-006
-6   0.00013645417057711  2.29881970783142e-005  4.89581555409034e-006
-5.9   0.000135175781026787  2.27181437823576e-005  4.75934706029668e-006
-5.8   0.000133841712582018  2.2430180079962e-005  4.61466246838908e-006
-5.7   0.000132449996567584  2.21231664032684e-005  4.46129507859309e-006
-5.6   0.00013099863450834  2.17959265485492e-005  4.29876610702011e-006
-5.5   0.00012948561034691  2.14472125641076e-005  4.12657237397692e-006
-5.4   0.00012790887682433  2.10757296104657e-005  3.94420637026054e-006
-5.3   0.000126266386715962  2.0680124147499e-005  3.75112736827246e-006
-5.2   0.000124556073064424  2.02589866528866e-005  3.54678250024357e-006
-5.1   0.000122775870466389  1.98108526841046e-005  3.33061504884682e-006
-5   0.000120923718376246  1.93342157903611e-005  3.10203963030523e-006
-4.9   0.000118997567631071  1.88275006638094e-005  2.86046256734366e-006
-4.8   0.000116995387959524  1.82891110520506e-005  2.60528559072613e-006
-4.7   0.000114915172043543  1.77173995576766e-005  2.33589347853883e-006
-4.6   0.000112754958905463  1.71106362163572e-005  2.05166706671178e-006
-4.5   0.000110512833087895  1.64671292009901e-005  1.75198607666987e-006
-4.4   0.000108186927190022  1.57851396703891e-005  1.43622861359507e-006
-4.3   0.000105775455447901  1.50628873792153e-005  1.10376929712608e-006
-4.2   0.000103276714100634  1.42985907851911e-005  7.53998565544208e-007
-4.1   0.000100689083312604  1.34904827701007e-005  3.86301482261471e-007
-4   9.80110632015655e-005  1.26367352492003e-005  8.92864066441069e-011
-3.9   9.52412680335053e-005  1.17356885211458e-005  -4.05210083012747e-007
-3.8   9.2378452907401e-005  1.07854933531483e-005  -8.30161000482603e-007
-3.7   8.94215155648802e-005  9.7845939806208e-006  -1.27528381787751e-006
-3.6   8.63695362041187e-005  8.73126670666586e-006  -1.7410792084766e-006
-3.5   8.32217587158205e-005  7.62396198069673e-006  -2.22800909036979e-006
-3.4   7.99776347866602e-005  6.46123088904934e-006  -2.73650185024567e-006
-3.3   7.66368343059047e-005  5.24164337689705e-006  -3.26692382626308e-006
-3.2   7.31992409188537e-005  3.96395044172561e-006  -3.81960538163065e-006
-3.1   6.96649891031479e-005  2.62703108235823e-006  -4.39482275865789e-006
-3   6.60344688125131e-005  1.22989106470453e-006  -4.99277933697798e-006
-2.9   6.23083471766482e-005  -2.2839579994465e-007  -5.61363017361478e-006
-2.8   5.84875623494213e-005  -1.74838110639127e-006  -6.25744974101339e-006
-2.7   5.45733605858628e-005  -3.33067107761821e-006  -6.92425249532544e-006
-2.6   5.05672855672944e-005  -4.97544132030828e-006  -7.61396539364585e-006
-2.5   4.64711919458511e-005  -6.68283017014111e-006  -8.32644735373906e-006
-2.4   4.22872674176167e-005  -8.45263288410351e-006  -9.06146707290669e-006
-2.3   3.80180045074381e-005  -1.02844727590925e-005  -9.81872278949866e-006
-2.2   3.3666234148288e-005  -1.21776656718499e-005  -1.05978128924188e-005
-2.1   2.92351249371487e-005  -1.41314175473353e-005  -1.13982666471815e-005
-2   2.47281486627383e-005  -1.61445039080538e-005  -1.22195294795632e-005
-1.9   2.01491002795689e-005  -1.82154885284567e-005  -1.30609449657555e-005
-1.8   1.55021088238864e-005  -2.03427695897371e-005  -1.39217980516603e-005
-1.7   1.07915698797744e-005  -2.25243646241539e-005  -1.48012740366699e-005
-1.6   6.02219480193757e-006  -2.47580961810527e-005  -1.56985004448466e-005
-1.5   1.19894821258122e-006  -2.70415511157435e-005  -1.66125216000383e-005
-1.4   -3.67294832136099e-006  -2.93719961443168e-005  -1.75423147697373e-005
-1.3   -8.58805158014574e-006  -3.17464932221482e-005  -1.84867972876354e-005
-1.2   -1.35406869594439e-005  -3.41619933514056e-005  -1.94448351858152e-005
-1.1   -1.85250273911524e-005  -3.66150861291429e-005  -2.04152267165946e-005
-1   -2.35350765277127e-005  -3.91022858318827e-005  -2.13967438897312e-005
-0.9   -2.85647300986236e-005  -4.16198757442142e-005  -2.23881138707169e-005
-0.799999999999999   -3.36077820387409e-005  -4.41640200342835e-005  -2.33880494105107e-005
-0.699999999999999   -3.86579643474545e-005  -4.67307435265013e-005  -2.43952179259698e-005
-0.6   -4.37089968005108e-005  -4.93159895023285e-005  -2.54082988123471e-005
-0.5   -4.87545946652369e-005  -5.19155927761505e-005  -2.64259471803479e-005
-0.399999999999999   -5.37885151966447e-005  -5.45253640754652e-005  -2.74468429323099e-005
-0.299999999999999   -5.88045911159227e-005  -5.71410464016361e-005  -2.8469660467862e-005
-0.199999999999999   -6.37967532529483e-005  -5.9758413818105e-005  -2.94930969597379e-005
-0.0999999999999996   -6.87590801359894e-005  -6.23732311563075e-005  -3.05158899219716e-005
0   -7.36857962003074e-005  -6.49813136178962e-005  -3.15367962441688e-005
