#dmu_now   nflow  sflow  wflow
-10   0.00021151269052502  2.318568273135e-005  -1.55793223390509e-007
-9.9   0.000210121750700892  2.38898993095251e-005  -9.44459674787214e-009
-9.8   0.000208730973935772  2.45825111714689e-005  1.35252126589742e-007
-9.7   0.000207341152896265  2.5262401996407e-005  2.78109202953666e-007
-9.6   0.000205953019863547  2.59284615717273e-005  4.18923582000909e-007
-9.5   0.000204567204411721  2.65796486186749e-005  5.57518317574947e-007
-9.4   0.000203184252851011  2.72149310207373e-005  6.93710518768467e-007
-9.3   0.00020180456497759  2.78334084209566e-005  8.27362122707553e-007
-9.2   0.000200428533826166  2.84340302481101e-005  9.58270490427217e-007
-9.1   0.000199056367242759  2.90159471623405e-005  1.08630147766208e-006
-9   0.000197688199590775  2.95782673875706e-005  1.21130296845451e-006
-8.9   0.000196324056252067  3.01201599084269e-005  1.33312514786815e-006
-8.8   0.000194963839451063  3.06408222721668e-005  1.4516333033637e-006
-8.7   0.000193607350232757  3.11394882672892e-005  1.56669167497059e-006
-8.6   0.000192254265325234  3.16154309776145e-005  1.67817659837973e-006
-8.5   0.000190904152858336  3.20679638147817e-005  1.78596297463415e-006
-8.4   0.000189556464521559  3.24964149662894e-005  1.88993067081657e-006
-8.3   0.000188210540168154  3.29001825859901e-005  1.98996645613355e-006
-8.2   0.000186865600669826  3.32786336187514e-005  2.08595716851149e-006
-8.1   0.000185520759626044  3.36312223546004e-005  2.17779470291559e-006
-8   0.000184175021798543  3.39573918129204e-005  2.26536694564418e-006
-7.9   0.000182827277284144  3.42566156407184e-005  2.34856494944995e-006
-7.8   0.000181476311292462  3.4528369506586e-005  2.42728186288858e-006
-7.7   0.000180120805904633  3.47721755585029e-005  2.50140463904683e-006
-7.6   0.000178759339102749  3.49875564389925e-005  2.57081670056031e-006
-7.5   0.000177390384880121  3.5174008206123e-005  2.63540438580106e-006
-7.4   0.000176012328057988  3.5331087722075e-005  2.69503663066346e-006
-7.3   0.000174623447490213  3.54583278241104e-005  2.7495906168147e-006
-7.2   0.000173221935410975  3.55552598224509e-005  2.79892844674523e-006
-7.1   0.000171805895750482  3.56214012405462e-005  2.84290019600391e-006
-7   0.000170373341178208  3.56562936267652e-005  2.88135147553616e-006
-6.9   0.000168922199939895  3.56594320500881e-005  2.91411707649581e-006
-6.8   0.000167450322267608  3.56303162040247e-005  2.94101384062345e-006
-6.7   0.000165955475447339  3.55684504066149e-005  2.96185389433801e-006
-6.6   0.000164435358016373  3.54732904749256e-005  2.97642510495679e-006
-6.5   0.000162887592555974  3.53442748906277e-005  2.98450504372096e-006
-6.4   0.000161309732015035  3.51808258324925e-005  2.98585123665554e-006
-6.3   0.00015969926746752  3.49823583820423e-005  2.98020765625592e-006
-6.2   0.000158053627144345  3.47482115462835e-005  2.96729643021588e-006
-6.1   0.000156370187742361  3.44777668118514e-005  2.94681337682407e-006
-6   0.000154646271242111  3.41703183636304e-005  2.91844467850722e-006
-5.9   0.000152879149127271  3.38251471810952e-005  2.88184613090037e-006
-5.8   0.00015106605859902  3.34414801725383e-005  2.83665268676832e-006
-5.7   0.000149204199826581  3.30185724445664e-005  2.78247772707156e-006
-5.6   0.000147290737926051  3.25556005131419e-005  2.71891233203251e-006
-5.5   0.000145322830509086  3.20516766283077e-005  2.6455178552958e-006
-5.4   0.000143297605727122  3.15059489170302e-005  2.56183872530367e-006
-5.3   0.000141212201207926  3.09175211786979e-005  2.46738934770322e-006
-5.2   0.000139063748205357  3.02853961675858e-005  2.36166544885313e-006
-5.1   0.000136849404093806  2.96086549511125e-005  2.24413544283468e-006
-5   0.000134566341879854  2.88862744975025e-005  2.11425104602448e-006
-4.9   0.000132211782801602  2.81172206779718e-005  1.97143597908724e-006
-4.8   0.000129782995684308  2.73004738186865e-005  1.81510036271751e-006
-4.7   0.000127277312357389  2.6434990889073e-005  1.6446369364709e-006
-4.6   0.000124692158419603  2.55196579899329e-005  1.4594162069437e-006
-4.5   0.000122025047347128  2.4553451300399e-005  1.25880264310015e-006
-4.4   0.000119273613792741  2.35352572251341e-005  1.04214604328327e-006
-4.3   0.000116435619702843  2.24640496875952e-005  8.08792400505871e-007
-4.2   0.000113508993904463  2.13387710813453e-005  5.58080553998048e-007
-4.1   0.000110491825605488  2.01583894821327e-005  2.89355674016715e-007
-4   0.000107382411310513  1.89219364595813e-005  1.96169950763755e-009
-3.9   0.000104179252220975  1.76284779331982e-005  -3.04740279764908e-007
-3.8   0.000100881099334527  1.62771453379503e-005  -6.31378856622203e-007
-3.7   9.74869569469132e-005  1.48670768417362e-005  -9.78560370528589e-007
-3.6   9.39961121891388e-005  1.3397600252267e-005  -1.34686036560133e-006
-3.5   9.04081632943349e-005  1.18680470126962e-005  -1.73682746277863e-006
-3.4   8.67230258632327e-005  1.02779044374682e-005  -2.14896206195395e-006
-3.3   8.29409701262022e-005  8.62677022201766e-006  -2.58372855091565e-006
-3.2   7.90626222218478e-005  6.91437795132027e-006  -3.04152876844421e-006
-3.1   7.50890077502586e-005  5.14062467343541e-006  -3.52270630919662e-006
-3   7.10215296829663e-005  3.30555450978916e-006  -4.02754417718525e-006
-2.9   6.68620184476979e-005  1.40940818864371e-006  -4.55624271347844e-006
-2.8   6.26127256151512e-005  -5.47380052392588e-007  -5.10893194163898e-006
-2.7   5.82763225354453e-005  -2.56418250977342e-006  -5.68564808305613e-006
-2.6   5.38559202504845e-005  -4.64013665370004e-006  -6.28634095956456e-006
-2.5   4.93550710619502e-005  -6.77418451026057e-006  -6.91086747853763e-006
-2.4   4.47777415582723e-005  -8.9649797026532e-006  -7.5589756650576e-006
-2.3   4.01283420706058e-005  -1.12109850779013e-005  -8.23031889793883e-006
-2.2   3.54116723327764e-005  -1.35104083541165e-005  -8.92444290313398e-006
-2.1   3.06329397729821e-005  -1.58611740524116e-005  -9.64078035497789e-006
-2   2.5797716241203e-005  -1.8261009358428e-005  -1.03786665245794e-005
-1.9   2.09119278002475e-005  -2.07073567771771e-005  -1.11373209886906e-005
-1.8   1.59818077308605e-005  -2.31974589620705e-005  -1.19158635743164e-005
-1.7   1.10138834224093e-005  -2.57283188816467e-005  -1.2713310372327e-005
-1.6   6.01492860374739e-006  -2.82966834732618e-005  -1.35285790674937e-005
-1.5   9.91917167456816e-007  -3.08991800705834e-005  -1.43604980041954e-005
-1.4   -4.04800059748048e-006  -3.35321825356335e-005  -1.52078081225024e-005
-1.3   -9.09757613393204e-006  -3.61918981094046e-005  -1.60691677644969e-005
-1.2   -1.41494764407844e-005  -3.88744542624747e-005  -1.69431707146854e-005
-1.1   -1.91963084872151e-005  -4.15758307068289e-005  -1.78283629877623e-005
-1   -2.42307596310543e-005  -4.42918793341999e-005  -1.87232066112851e-005
-0.9   -2.92455662831404e-005  -4.70183951715116e-005  -1.96261475279401e-005
-0.799999999999999   -3.42335504820258e-005  -4.97511603007298e-005  -2.05356002888674e-005
-0.699999999999999   -3.91877447061536e-005  -5.24859091012527e-005  -2.14499441814929e-005
-0.6   -4.41013299520208e-005  -5.5218406346011e-005  -2.23675717477314e-005
-0.5   -4.89677256551886e-005  -5.79444911213194e-005  -2.32868791490662e-005
-0.399999999999999   -5.37806977895925e-005  -6.06599664458865e-005  -2.42062433885356e-005
-0.299999999999999   -5.85342407038749e-005  -6.33608566817625e-005  -2.51241045864599e-005
-0.199999999999999   -6.32226749207054e-005  -6.60432154218079e-005  -2.60389263691661e-005
-0.0999999999999996   -6.78407902079117e-005  -6.87032133293961e-005  -2.69491860520686e-005
0   -7.23836286189929e-005  -7.13372571002843e-005  -2.78534552068099e-005
