#dmu_now   nflow  sflow  wflow
-10   4.43339198485847e-005  1.11432660254873e-005  4.49132842778121e-008
-9.9   4.40542043438504e-005  1.10422300574303e-005  6.09564048515804e-008
-9.8   4.37638255148495e-005  1.09380552109004e-005  7.71549262443453e-008
-9.7   4.34625459593403e-005  1.08307298872321e-005  9.3477039080969e-008
-9.6   4.31501357907902e-005  1.07202407519349e-005  1.09892041059873e-007
-9.5   4.28263761204561e-005  1.06065768568227e-005  1.26363735203776e-007
-9.4   4.2491060765551e-005  1.04897376694414e-005  1.42855561133012e-007
-9.3   4.21440008463603e-005  1.03697355857862e-005  1.59328864986914e-007
-9.2   4.17850217020398e-005  1.02465739315427e-005  1.75739271829828e-007
-9.1   4.14139652991108e-005  1.01202829631656e-005  1.92047216515258e-007
-9   4.10306966156015e-005  9.99088730674909e-006  2.0820721743142e-007
-8.9   4.06351014455639e-005  9.85842394330212e-006  2.24168910718189e-007
-8.8   4.02270881485673e-005  9.72293390159245e-006  2.39886578664582e-007
-8.7   3.98065922301916e-005  9.58446949063313e-006  2.55310075016665e-007
-8.6   3.9373576366429e-005  9.4430959816732e-006  2.70385885831699e-007
-8.5   3.89280296170252e-005  9.298871789794e-006  2.85066632662593e-007
-8.4   3.84699752677897e-005  9.15188116872031e-006  2.99297687289742e-007
-8.3   3.79994682086826e-005  9.00220554163445e-006  3.1302658761655e-007
-8.2   3.75165945829387e-005  8.84993763329912e-006  3.26204091303033e-007
-8.1   3.70214778789741e-005  8.69516329485278e-006  3.38774020803095e-007
-8   3.65142770116112e-005  8.537997311391e-006  3.50687231280192e-007
-7.9   3.5995189030676e-005  8.37855074692353e-006  3.61895313355975e-007
-7.8   3.54644488177068e-005  8.21694164332818e-006  3.72346397755646e-007
-7.7   3.4922329194362e-005  8.0532927856723e-006  3.81993661238693e-007
-7.6   3.43691401661667e-005  7.88773235140548e-006  3.90795082753162e-007
-7.5   3.38052339376089e-005  7.72039520923319e-006  3.98704365766581e-007
-7.4   3.32309988046541e-005  7.55141679767743e-006  4.0568217674213e-007
-7.3   3.26468625607761e-005  7.3809457417005e-006  4.11692893863442e-007
-7.2   3.20532872232092e-005  7.20911780747392e-006  4.16698301722306e-007
-7.1   3.14507736523777e-005  7.03608532355375e-006  4.20669914308738e-007
-7   3.08398546081928e-005  6.86199355137417e-006  4.23580091308116e-007
-6.9   3.02210961804114e-005  6.68699295433371e-006  4.2540331107983e-007
-6.8   2.95950951130905e-005  6.51123366863419e-006  4.26117636020129e-007
-6.7   2.89624759038046e-005  6.33485995586452e-006  4.25707747340496e-007
-6.6   2.83238863119781e-005  6.15802940211948e-006  4.24159833923203e-007
-6.5   2.76799963104959e-005  5.98086701231612e-006  4.21461150237044e-007
-6.4   2.7031496796276e-005  5.8035328485607e-006  4.17608029463422e-007
-6.3   2.63790904099132e-005  5.62615544511588e-006  4.1259451594145e-007
-6.2   2.57234934582776e-005  5.44886759803719e-006  4.06421775367078e-007
-6.1   2.50654273241374e-005  5.27179906916957e-006  3.99094778622595e-007
-6   2.44056215191143e-005  5.09506745165492e-006  3.90614358493338e-007
-5.9   2.37448000051999e-005  4.91878909149282e-006  3.80994400768306e-007
-5.8   2.30836865278727e-005  4.74307862278431e-006  3.70241448759167e-007
-5.7   2.24229922644853e-005  4.5680158257988e-006  3.58368007204225e-007
-5.6   2.17634190929954e-005  4.39371214831225e-006  3.45390368415857e-007
-5.5   2.11056529564416e-005  4.22023876665586e-006  3.31323069990218e-007
-5.4   2.04503563453392e-005  4.0476680249444e-006  3.16181296188518e-007
-5.3   1.97981703303574e-005  3.87606285396236e-006  2.999831505342e-007
-5.2   1.91497115758623e-005  3.70547457576536e-006  2.82744304382947e-007
-5.1   1.85055612681831e-005  3.5359420183196e-006  2.64482853411852e-007
-5   1.78662703184226e-005  3.36749484957483e-006  2.45215196062086e-007
-4.9   1.72323564216864e-005  3.20015225756627e-006  2.24957601947806e-007
-4.8   1.66042946170322e-005  3.03392304370663e-006  2.03726694434584e-007
-4.7   1.59825239457313e-005  2.86879896916406e-006  1.81530973610719e-007
-4.6   1.53674401278491e-005  2.70476879905317e-006  1.58388070176028e-007
-4.5   1.47593966701201e-005  2.54179982836842e-006  1.34302028461705e-007
-4.4   1.41587027831017e-005  2.37985592934876e-006  1.09286609717997e-007
-4.3   1.35656238088285e-005  2.21888566907611e-006  8.3344551194583e-008
-4.2   1.29803792032917e-005  2.05882968828275e-006  5.64774184238598e-008
-4.1   1.24031444940097e-005  1.89960721027481e-006  2.86860220922086e-008
-4   1.18340495744289e-005  1.74114095655051e-006  -3.05066517057898e-011
-3.9   1.12731800632373e-005  1.58333626825837e-006  -2.96788023151478e-008
-3.8   1.07205784067313e-005  1.42608088042538e-006  -6.02689977059183e-008
-3.7   1.01762434183283e-005  1.26927137275667e-006  -9.18103939395319e-008
-3.6   9.64013329048705e-006  1.11276901200305e-006  -1.24319672515612e-007
-3.5   9.11216484592093e-006  9.56451886326446e-007  -1.57814117595256e-007
-3.4   8.59221719317016e-006  8.00170734075379e-007  -1.9231595334293e-007
-3.3   8.08013181523677e-006  6.43768721659218e-007  -2.27849550463482e-007
-3.2   7.57571415693944e-006  4.87092844900822e-007  -2.64442742651992e-007
-3.1   7.07873678017197e-006  3.29978266262674e-007  -3.02125746057425e-007
-3   6.58894017968161e-006  1.72238828999825e-007  -3.40933576686359e-007
-2.9   6.10603572526306e-006  1.36960288231271e-008  -3.8090295441825e-007
-2.8   5.62970629548217e-006  -1.45836806707619e-007  -4.22073558408815e-007
-2.7   5.15960952118264e-006  -3.06551900815298e-007  -4.64488683534805e-007
-2.6   4.6953794622788e-006  -4.68657471206214e-007  -5.08192279730728e-007
-2.5   4.23662904304702e-006  -6.3235411377629e-007  -5.53235020121345e-007
-2.4   3.78295097821579e-006  -7.97846653117561e-007  -5.99663782461819e-007
-2.3   3.33392189195747e-006  -9.65353789527522e-007  -6.47530857884729e-007
-2.2   2.88910259385939e-006  -1.13509735857808e-006  -6.96895604291939e-007
-2.1   2.44804045441557e-006  -1.30728818852213e-006  -7.47808911852169e-007
-2   2.01027175861485e-006  -1.4821458421332e-006  -8.00331093433753e-007
-1.9   1.57532450608385e-006  -1.65989812030307e-006  -8.54520666307316e-007
-1.8   1.142719028256e-006  -1.84076887045868e-006  -9.10438206552472e-007
-1.7   7.11970058416665e-007  -2.02497822027859e-006  -9.68144930431851e-007
-1.6   2.82590190651026e-007  -2.21274921406604e-006  -1.02770240213822e-006
-1.5   -1.45909907951541e-007  -2.40430914298152e-006  -1.08917394435936e-006
-1.4   -5.74019435231167e-007  -2.59987085323267e-006  -1.15262283354109e-006
-1.3   -1.00222452911441e-006  -2.79964811101875e-006  -1.21810852470862e-006
-1.2   -1.43100734095024e-006  -3.0038624588448e-006  -1.28569627294945e-006
-1.1   -1.8608430227144e-006  -3.21271423551947e-006  -1.35544398797569e-006
-1   -2.29219931521795e-006  -3.42641416919643e-006  -1.4274131596055e-006
-0.9   -2.7255353115336e-006  -3.64514883417568e-006  -1.50166235749603e-006
-0.799999999999999   -3.16129657928087e-006  -3.8691135057779e-006  -1.57824774824284e-006
-0.699999999999999   -3.5999168516835e-006  -4.09848487425419e-006  -1.65722423955609e-006
-0.6   -4.04181459335744e-006  -4.33343379468671e-006  -1.73864227689769e-006
-0.5   -4.48738998844422e-006  -4.57412810859231e-006  -1.82255348112196e-006
-0.399999999999999   -4.93702697650899e-006  -4.82070904295849e-006  -1.90900071111817e-006
-0.299999999999999   -5.39108841773532e-006  -5.07331558076571e-006  -1.99802510890092e-006
-0.199999999999999   -5.8499140253977e-006  -5.33208050826899e-006  -2.08966846466894e-006
-0.0999999999999996   -6.31382441359444e-006  -5.59709960957748e-006  -2.18396138480122e-006
0   -6.78311086710571e-006  -5.86847802854527e-006  -2.28093240267128e-006
