#dmu_now   nflow  sflow  wflow
-10   1.85036103088591e-006  1.08521912327779e-006  3.09279221752327e-007
-9.9   1.84039280869093e-006  1.07960620939244e-006  3.0745365648214e-007
-9.8   1.83010833854426e-006  1.07374986202619e-006  3.05526029600621e-007
-9.7   1.81949119206238e-006  1.06763199317663e-006  3.0355405327202e-007
-9.6   1.80852490952054e-006  1.06123191608668e-006  3.01461522912822e-007
-9.5   1.79719305689192e-006  1.05456959253792e-006  2.99303884838818e-007
-9.4   1.78547923612251e-006  1.04762493576192e-006  2.97053595439417e-007
-9.3   1.77336715496906e-006  1.04036389076747e-006  2.94686392699419e-007
-9.2   1.7608406721592e-006  1.03281177820599e-006  2.92258785296517e-007
-9.1   1.74788374216251e-006  1.02494455094256e-006  2.89718824952157e-007
-9   1.73448062728974e-006  1.0167512666729e-006  2.87061033687279e-007
-8.9   1.72061581391081e-006  1.00822574957501e-006  2.84308689340134e-007
-8.8   1.70627410719217e-006  9.99357260026865e-007  2.81437481290283e-007
-8.7   1.69144089932113e-006  9.90139332144413e-007  2.7846071577631e-007
-8.6   1.67610167153748e-006  9.80552113905474e-007  2.75360735958902e-007
-8.5   1.66024294002133e-006  9.70607106175971e-007  2.72149746577979e-007
-8.4   1.64385157380473e-006  9.60274881657097e-007  2.68825576300531e-007
-8.3   1.62691529622824e-006  9.49567275479359e-007  2.6535621136273e-007
-8.2   1.60942243051273e-006  9.38464587986232e-007  2.61746153605659e-007
-8.1   1.5913624892862e-006  9.26959816885883e-007  2.58029809332562e-007
-8   1.57272578413751e-006  9.15061769585567e-007  2.54192930276282e-007
-7.9   1.55350390258944e-006  9.02737370686185e-007  2.50199176967811e-007
-7.8   1.53368984271528e-006  8.89996425066208e-007  2.46057607797982e-007
-7.7   1.51327751226014e-006  8.76844375297424e-007  2.41780660719398e-007
-7.6   1.49226254394065e-006  8.63257238426029e-007  2.37381924786433e-007
-7.5   1.4706422959546e-006  8.49252979058934e-007  2.32810886290469e-007
-7.4   1.44841542547878e-006  8.34811876058554e-007  2.2812773309683e-007
-7.3   1.42558280982997e-006  8.19939487368689e-007  2.23267715179224e-007
-7.2   1.40214697371644e-006  8.0464901276454e-007  2.18277910743212e-007
-7.1   1.37811258321326e-006  7.88917029615915e-007  2.13120295375059e-007
-7   1.35348650872903e-006  7.72766750184468e-007  2.07816690748985e-007
-6.9   1.32827744295743e-006  7.56203037059324e-007  2.02389026884303e-007
-6.8   1.30249678061803e-006  7.39224306540728e-007  1.96815090790023e-007
-6.7   1.27615824718792e-006  7.21832443223791e-007  1.91070572077834e-007
-6.6   1.24927777677742e-006  7.04051002912426e-007  1.85214287355786e-007
-6.5   1.22187387291426e-006  6.85872150612528e-007  1.79207806246424e-007
-6.4   1.19396775061939e-006  6.67331519652471e-007  1.73068164795933e-007
-6.3   1.16558295706995e-006  6.4840833991625e-007  1.66763865178351e-007
-6.2   1.13674530604856e-006  6.29154464553222e-007  1.60352075540666e-007
-6.1   1.10748354130315e-006  6.09568376160361e-007  1.53839226690809e-007
-6   1.07782872676535e-006  5.89669603454384e-007  1.47164403652631e-007
-5.9   1.04781418186153e-006  5.69482021780692e-007  1.40392993781601e-007
-5.8   1.01747522902075e-006  5.4901666839644e-007  1.33511993625156e-007
-5.7   9.86850023948299e-007  5.28291937546527e-007  1.26530679186541e-007
-5.6   9.55978065251708e-007  5.07353372430073e-007  1.19437470256067e-007
-5.5   9.24901210311883e-007  4.86210600155829e-007  1.12257460134751e-007
-5.4   8.93662543267765e-007  4.64903932323657e-007  1.05009259617027e-007
-5.3   8.62306889409089e-007  4.43449626579504e-007  9.76784245620508e-008
-5.2   8.30880216320528e-007  4.21870017664448e-007  9.02838681019368e-008
-5.1   7.9942949354553e-007  4.00211195686096e-007  8.28446186660005e-008
-5   7.68002361670222e-007  3.78500220022619e-007  7.53599398171946e-008
-4.9   7.36646732366352e-007  3.56754451821379e-007  6.78347333676699e-008
-4.8   7.05410922228131e-007  3.3500023877798e-007  6.02540890560142e-008
-4.7   6.74343268080184e-007  3.13301438495251e-007  5.27016833602307e-008
-4.6   6.43491178844e-007  2.91650648722761e-007  4.50941902723152e-008
-4.5   6.12901995598812e-007  2.70113802616846e-007  3.75242805481763e-008
-4.4   5.82621144187902e-007  2.48685984308162e-007  2.99342153809093e-008
-4.3   5.52693715988194e-007  2.27427179714921e-007  2.23990602897471e-008
-4.2   5.23162533288818e-007  2.06351957607612e-007  1.48876976862054e-008
-4.1   4.94069061971687e-007  1.85493402671152e-007  7.41658317713958e-009
-4   4.65452278854235e-007  1.6487348083861e-007  -1.94554589887885e-014
-3.9   4.37349341897757e-007  1.44520677152753e-007  -7.3578505299297e-009
-3.8   4.09794524420114e-007  1.24459593664418e-007  -1.46703695934362e-008
-3.7   3.82819709157913e-007  1.04717704473478e-007  -2.18736351963294e-008
-3.6   3.56453847212047e-007  8.5305091980755e-008  -2.90033646375662e-008
-3.5   3.30723141778368e-007  6.62586537549364e-008  -3.60234153809371e-008
-3.4   3.05650394469999e-007  4.75838803426979e-008  -4.29685595208482e-008
-3.3   2.81256288365533e-007  2.93069109186094e-008  -4.97718792842477e-008
-3.2   2.57557143177543e-007  1.14376072452728e-008  -5.64771980164245e-008
-3.1   2.34567358282915e-007  -6.01840880626546e-009  -6.30731566568684e-008
-3   2.12297465264357e-007  -2.30316511299593e-008  -6.95186506792529e-008
-2.9   1.90755875289683e-007  -3.96095471085551e-008  -7.58565839998329e-008
-2.8   1.69947259608339e-007  -5.57329272927274e-008  -8.20435845641669e-008
-2.7   1.49873572682437e-007  -7.14054001691734e-008  -8.81017239704287e-008
-2.6   1.30535364443204e-007  -8.66116631677678e-008  -9.40019996417359e-008
-2.5   1.11928422369066e-007  -1.01353328160926e-007  -9.97672199835473e-008
-2.4   9.40483252784338e-008  -1.15637428829685e-007  -1.05378664138341e-007
-2.3   7.68870744852978e-008  -1.29447230127059e-007  -1.10844650269962e-007
-2.2   6.04350218117706e-008  -1.42802474637461e-007  -1.16160254270873e-007
-2.1   4.46807346791677e-008  -1.5569537404393e-007  -1.21324051125133e-007
-2   2.96111153677244e-008  -1.68129571176265e-007  -1.26334423366694e-007
-1.9   1.52112913116069e-008  -1.80130990674124e-007  -1.31203741744522e-007
-1.8   1.46585163073447e-009  -1.91666622742253e-007  -1.35910339393684e-007
-1.7   -1.16426532795254e-008  -2.02773542528116e-007  -1.40469530890362e-007
-1.6   -2.41321402489899e-008  -2.13450094759199e-007  -1.44879293952822e-007
-1.5   -3.6021537543081e-008  -2.23711525414922e-007  -1.49144362009639e-007
-1.4   -4.73305775460332e-008  -2.33562412400886e-007  -1.5326739834773e-007
-1.3   -5.80780889743643e-008  -2.42998143151976e-007  -1.57235129703252e-007
-1.2   -6.82859150756063e-008  -2.52066865083215e-007  -1.61077769930233e-007
-1.1   -7.79728617996299e-008  -2.60734133303404e-007  -1.64770320161167e-007
-1   -8.71596514630149e-008  -2.69036947145614e-007  -1.68326151941464e-007
-0.9   -9.5867880361445e-008  -2.76991113014765e-007  -1.71756409221712e-007
-0.799999999999999   -1.04116689646424e-007  -2.84592263804938e-007  -1.75054831492728e-007
-0.699999999999999   -1.11926260947341e-007  -2.91859582220706e-007  -1.78225418818878e-007
-0.6   -1.19316134485579e-007  -2.98798326416818e-007  -1.81267149462425e-007
-0.5   -1.2630708061872e-007  -3.05444602603499e-007  -1.84199185315278e-007
-0.399999999999999   -1.32915469359179e-007  -3.11764404044141e-007  -1.87002595099745e-007
-0.299999999999999   -1.39161824421941e-007  -3.17806604563307e-007  -1.89701067248024e-007
-0.199999999999999   -1.45062756509453e-007  -3.235661100951e-007  -1.92283717591039e-007
-0.0999999999999996   -1.5063623447997e-007  -3.29054166747137e-007  -1.94759270599321e-007
0   -1.5589860846501e-007  -3.34291337465385e-007  -1.97134502472946e-007
