#dmu_now   nflow  sflow  wflow
-10   9.37991393213337e-005  9.37991401914914e-005  0
-9.9   9.36302042568158e-005  9.36302046136584e-005  0
-9.8   9.34531637173692e-005  9.34531606613343e-005  0
-9.7   9.3267667876688e-005  9.32676681583808e-005  0
-9.6   9.30733325230355e-005  9.30733360032873e-005  0
-9.5   9.28697734590842e-005  9.28697705234861e-005  0
-9.4   9.26565807933158e-005  9.26565773264731e-005  0
-9.3   9.24333314482426e-005  9.24333316894941e-005  0
-9.2   9.21995967701199e-005  9.21995951826579e-005  0
-9.1   9.19549138490562e-005  9.19549174253133e-005  0
-9   9.16988279676657e-005  9.16988303873412e-005  0
-8.9   9.14308503829802e-005  9.1430853094197e-005  0
-8.8   9.11504810307315e-005  9.1150479992023e-005  0
-8.7   9.08572027993843e-005  9.08572058029375e-005  0
-8.6   9.05504811789733e-005  9.05504787337057e-005  0
-8.5   9.0229765499056e-005  9.02297687905287e-005  0
-8.4   8.98944840340779e-005  8.98944837583678e-005  0
-8.3   8.954405311391e-005  8.95440496820438e-005  0
-8.2   8.9177859830172e-005  8.91778612474656e-005  0
-8.1   8.87952869992892e-005  8.87952832084051e-005  0
-8   8.83956890860888e-005  8.8395688724499e-005  0
-7.9   8.79784011229629e-005  8.79784036099686e-005  0
-7.8   8.75427488123499e-005  8.75427473187698e-005  0
-7.7   8.70880355390518e-005  8.70880325143854e-005  0
-7.6   8.66135314840319e-005  8.66135281997799e-005  0
-7.5   8.61184982038725e-005  8.61184966710542e-005  0
-7.4   8.56021836782704e-005  8.56021849216975e-005  0
-7.3   8.5063812355499e-005  8.50638130341793e-005  0
-7.2   8.45025781377662e-005  8.45025795111582e-005  0
-7.1   8.39176704830926e-005  8.39176711653875e-005  0
-7   8.33082401912905e-005  8.33082374579416e-005  0
-6.9   8.2673440255145e-005  8.26734371438305e-005  0
-6.8   8.20123825026776e-005  8.20123772496285e-005  0
-6.7   8.13241757422175e-005  8.13241714607693e-005  0
-6.6   8.06078959772613e-005  8.06078968711017e-005  0
-6.5   7.98626051415082e-005  7.98626073836083e-005  0
-6.4   7.90873421989523e-005  7.90873440612213e-005  0
-6.3   7.82811364071975e-005  7.8281136653898e-005  0
-6.2   7.74429866778798e-005  7.74429888687716e-005  0
-6.1   7.65718690366816e-005  7.65718693484653e-005  0
-6   7.56667556482939e-005  7.56667541650359e-005  0
-5.9   7.4726594034038e-005  7.47265886263547e-005  0
-5.8   7.37503039269342e-005  7.37503022395288e-005  0
-5.7   7.27368106101138e-005  7.27368096977021e-005  0
-5.6   7.168500936937e-005  7.16850097423543e-005  0
-5.5   7.05937826563796e-005  7.05937818798489e-005  0
-5.4   6.94620075509298e-005  6.94620068080266e-005  0
-5.3   6.82885440040519e-005  6.82885388001106e-005  0
-5.2   6.70722407363848e-005  6.70722408912202e-005  0
-5.1   6.58119678470858e-005  6.58119651031143e-005  0
-5   6.45065513240451e-005  6.45065509540525e-005  0
-4.9   6.31548527005109e-005  6.31548503754849e-005  0
-4.8   6.17557249560563e-005  6.17557254970754e-005  0
-4.7   6.03080202807827e-005  6.03080170468092e-005  0
-4.6   5.88106121830746e-005  5.88106154370695e-005  0
-4.5   5.72624028755559e-005  5.72624051388259e-005  0
-4.4   5.56623015296193e-005  5.56623026181917e-005  0
-4.3   5.40092550038868e-005  5.4009255820665e-005  0
-4.2   5.23022377505914e-005  5.23022401282148e-005  0
-4.1   5.05402701465742e-005  5.05402740890285e-005  0
-4   4.87224224564273e-005  4.87224178244558e-005  0
-3.9   4.68478292075313e-005  4.6847825284164e-005  0
-3.8   4.49156815092948e-005  4.49156829823943e-005  0
-3.7   4.2925241495689e-005  4.29252417501228e-005  0
-3.6   4.08758538189843e-005  4.08758560624209e-005  0
-3.5   3.87669677581722e-005  3.87669648940302e-005  0
-3.4   3.65981192943539e-005  3.65981181666864e-005  0
-3.3   3.43689585681672e-005  3.43689593548613e-005  0
-3.2   3.20792516545794e-005  3.2079246695313e-005  0
-3.1   2.97289119796092e-005  2.97289160099394e-005  0
-3   2.73179632011672e-005  2.73179563187112e-005  0
-2.9   2.4846595668215e-005  2.48465916122214e-005  0
-2.8   2.23151567087077e-005  2.23151549306786e-005  0
-2.7   1.97241526220409e-005  1.97241570588982e-005  0
-2.6   1.70742586785058e-005  1.70742584421484e-005  0
-2.5   1.43663374245566e-005  1.43663373323507e-005  0
-2.4   1.16014582559384e-005  1.16014641299226e-005  0
-2.3   8.78083906514447e-006  8.7808357704398e-006  0
-2.2   5.90592363469671e-006  5.90592440547436e-006  0
-2.1   2.97836941232993e-006  2.97837666741649e-006  0
-2   2.51673273963648e-012  -1.34302223747489e-014  0
-1.9   -3.02712622594849e-006  -3.02712556863825e-006  0
-1.8   -6.10075707309764e-006  -6.10076473615167e-006  0
-1.7   -9.21844713439299e-006  -9.21844662853917e-006  0
-1.6   -1.23775344840474e-005  -1.23775302996577e-005  0
-1.5   -1.55751836236058e-005  -1.55751834135583e-005  0
-1.4   -1.88083733472615e-005  -1.88083796685658e-005  0
-1.3   -2.20738980239979e-005  -2.20738956715911e-005  0
-1.2   -2.53683845272895e-005  -2.53683854500187e-005  0
-1.1   -2.86883013702076e-005  -2.86882998073488e-005  0
-1   -3.2030000852498e-005  -3.20299955590335e-005  0
-0.9   -3.53896866743095e-005  -3.53896859986856e-005  0
-0.799999999999999   -3.87634545401967e-005  -3.87634525731226e-005  0
-0.699999999999999   -4.21473306623839e-005  -4.21473291597379e-005  0
-0.6   -4.55372486303068e-005  -4.55372525327083e-005  0
-0.5   -4.89291029785705e-005  -4.89290974286185e-005  0
-0.399999999999999   -5.2318736211517e-005  -5.23187384129057e-005  0
-0.299999999999999   -5.57019898149319e-005  -5.57019904819257e-005  0
-0.199999999999999   -5.90747160848332e-005  -5.90747094548653e-005  0
-0.0999999999999996   -6.2432801615581e-005  -6.2432798955212e-005  0
0   -6.57721694891874e-005  -6.57721764142594e-005  0
